#序章固定NPC
23299999,An,50152009,15,20,0,1,23299999,0,23299999,111,0,1,0,0,0#出生点
23300016,吉田佳美,30097009,8,7,3,1,23300016,0,23300016,111,0,1,0,0,0#旅馆前台
23300017,吉田由美,30151000,6,2,0,1,23300017,0,23300017,111,0,1,0,0,0#冒险协会
23299997,委托负责人,30010000,1,0,7,1,23299997,0,23299997,111,0,1,0,0,0#下城咖啡
23299996,委托张贴版,30010000,1,9,7,1,12001175,0,12001040,111,0,1,1,0,0#下城咖啡
23300032,希米娅,30156000,7,7,0,1.1,23300032,0,23300032,111,0,1,0,0,0#会长室
23300013,绯夜鸦羽,30156000,11,13,2,1,23300013,0,23300013,111,0,1,0,0,0#会长室
23300013,绯夜鸦羽,30156000,3,13,6,1,23300013,0,23300013,111,0,1,0,0,0#会长室
23299993,冒险协会公告板,30151000,3,4,0,1,12001175,0,12001040,111,0,1,1,0,0#冒险协会
23299992,留言板,30010000,8,4,0,1,12001175,0,12001042,111,0,1,1,0,0#冒险协会
22200006,布雷德,30010000,3,5,4,1,23299985,0,22200000,111,0,1,0,0,0,#冒险协会
22210006,莉儿,30010000,2,5,0,1,23299985,0,22210000,190,0,1,0,0,0,#冒险协会



#杀人蜂山路
23299995,老手冒险者,10020000,182,49,7,1,23299985,0,23299995,111,0,1,0,0,0,#杀人蜂山路
22200002,布雷德,10020000,185,49,2,1,23299985,0,22200000,111,0,1,0,0,0,#杀人蜂山路
22210002,莉儿,10020000,185,50,2,1,23299985,0,22210000,111,0,1,0,0,0,#杀人蜂山路
23299990,奇怪的路人,10020000,243,156,2,1,23299985,0,23299990,111,0,1,0,0,0,#杀人蜂山路

#山贼洞穴一层
23299985,老手冒险者,20000009,103,106,1,1,23299985,0,23299995,111,0,1,0,0,0#山贼洞穴一层
22200000,布雷德,20000009,104,107,2,1,23299985,0,22200000,111,0,1,0,0,0#山贼洞穴一层
22210000,莉儿,20000009,104,108,3,1,23299985,0,22210000,111,0,1,0,0,0#山贼洞穴一层
22300000,山贼杂兵,20000009,101,107,6,1,23299985,0,22300000,111,0,1,0,0,0#山贼洞穴一层

#山贼洞穴二层
22200001,布雷德,20001009,62,71,6,1,23299975,0,22200000,111,0,1,0,0,0#山贼洞穴二层
22210001,莉儿,20001009,62,72,6,1,23299975,0,22210000,111,0,1,0,0,0#山贼洞穴二层
22300001,喽A,20001009,68,72,4,1,23299975,0,22300001,112,0,1,0,0,0#山贼洞穴二层
22300003,货物箱,20001009,68,71,0,1.8,23299975,0,30290000,111,0,1,0,0,0#山贼洞穴二层
22300002,喽B,20001009,67,71,6,1,23299975,0,22300002,112,0,1,0,0,0#山贼洞穴二层
23299975,老手冒险者,20001009,64,73,5,1,23299975,0,23299995,111,0,1,0,0,0#山贼洞穴二层

#阿克罗尼亚西部平原
22200003,布雷德,10022000,111,119,7,1,23299975,0,22200000,111,0,1,0,0,0#阿克罗尼亚西部平原
22210003,莉儿,10022000,112,119,1,1,23299975,0,22210000,111,0,1,0,0,0#阿克罗尼亚西部平原

#山贼洞穴深处
22200004,布雷德,20003009,30,49,5,1,23299975,0,22200000,111,0,1,0,0,0#山贼洞穴深处
22210004,莉儿,20003009,31,47,6,1,23299975,0,22210000,111,0,1,0,0,0#山贼洞穴深处
23299965,老手冒险者,20003009,32,47,2,1,23299975,0,23299995,111,0,1,0,0,0#山贼洞穴深处

#冒险协会咖啡馆（带布雷德的地图）
23299995,委托负责人,30010050,1,0,7,1,23299997,0,23299997,111,0,1,0,0,0#冒险协会咖啡馆（带布雷德的地图）
23299994,委托张贴版,30010050,1,9,7,1,12001175,0,12001040,111,0,1,1,0,0#冒险协会咖啡馆（带布雷德的地图）
22200005,布雷德,30010050,3,1,2,1,23299975,0,22200000,111,0,1,0,0,0#冒险协会咖啡馆（带布雷德的地图）

#S1038飞空艇
28000001,布雷德,,30201999,17,14,7,1,23299975,0,22200000,111,0,1,0,0,0#S1038飞空艇
28000002,莉儿,30201999,19,17,4,1,23299975,0,22210000,111,0,1,0,0,0#S1038飞空艇
28000003,凯恩,30201999,20,14,5,1,23299975,0,28000003,111,0,1,0,0,0#S1038飞空艇
28000004,露娜,30201999,18,16,6,1,23299975,0,28000004,111,0,1,0,0,0#S1038飞空艇

#遗迹入口
28000005,吉田佳美,60000009,25,29,0,1,23299975,0,23300016,111,0,1,0,0,0#遗迹入口
28000006,布雷德,60000009,28,27,7,1,23299975,0,22210000,111,0,1,0,0,0#遗迹入口
28000007,莉儿,60000009,30,27,1,1,23299975,0,22210000,111,0,1,0,0,0#遗迹入口
28000008,凯恩,60000009,29,29,4,1,23299975,0,28000003,111,0,1,0,0,0#遗迹入口
28000009,露娜,60000009,28,29,5,1,23299975,0,28000004,111,0,1,0,0,0#遗迹入口
